      2.6554910256622488         0.6038358848468178         3.4800000000000000         1.0009999999999999        -0.4366978043247831         8.8793962038428891
      2.3842104465529261         0.5493325920257162         3.4800000000000000         1.0019999999999998        -1.6191029174844340         8.8793962038427505
      2.2551986651683307         0.4973690884988720         3.4800000000000000         1.0029999999999997        -2.1855602540115373         8.8793962038428340
      2.1740436380853794         0.4635556266211162         3.4800000000000000         1.0039999999999996        -2.5338664141560172         8.8793962038428695
      2.1162511830334241         0.4409582477985175         3.4800000000000000         1.0049999999999994        -2.7732846700111073         8.8793962038428216
      2.0724539789518177         0.4349713068562840         3.4800000000000000         1.0059999999999993        -2.9464076495639229         8.8793962038427825
      2.0377692099066844         0.4355691632292684         3.4800000000000000         1.0069999999999992        -3.0760056795880923         8.8793962038428091
      2.0098477055973851         0.4471109491855760         3.4800000000000000         1.0079999999999991        -3.1729685897844329         8.8793962038428216
      1.9872784950017193         0.4692344831129923         3.4800000000000000         1.0089999999999990        -3.2439398040210659         8.8793962038428607
      1.9681674191220278         0.4748512797355353         3.4800000000000000         1.0099999999999989        -3.2985371207522891         8.8793962038427949
      1.9542241225143571         0.5111122323476522         3.4800000000000000         1.0109999999999988        -3.3275185376447780         8.8793962038428713
      4.4158427319253333         0.6019863180828938         3.4800000000000000         1.0379999999999958         2.8141242657624450         8.8793962038427310
      3.8916680698036124         0.4523003853490188         3.4800000000000000         1.0389999999999957         1.4244667891447180         8.8793962038428180
      3.7603955805098725         0.4469936316638913         3.4800000000000000         1.0399999999999956         1.0203196917216932         8.8793962038428056
      3.7022674025084781         0.5273175490109563         3.4800000000000000         1.0409999999999955         0.7877508270235039         8.8793962038427807
     14.1952508472683441         0.4940752516414920         3.4800000000000000         1.0559999999999938         8.5256059353041973         8.8793962038429903
     39.9378345564014126         0.4513732080136439         3.4800000000000000         1.0649999999999928        12.9773057095159334         8.8793962038428926
     48.3237422366441223         0.5171198885595103         3.4800000000000000         1.0669999999999926        15.0820815917901463         8.8793962038428891
     10.4360366801939630         0.4352130758735364         3.4800000000000000         1.0759999999999916         6.5237819575328873         8.8793962038428145
     11.1845612967112142         0.5073963111465694         3.4800000000000000         1.0979999999999892         6.0590395531420951         8.8793962038428749
     10.9418333995024266         0.4493321574844241         3.4800000000000000         1.0989999999999891         5.6647090008706122         8.8793962038427949
     20.2136485059391653         0.4703623020397429         3.4800000000000000         1.1099999999999879         6.2704044941785426         8.8793962038428607
     72.5749168061457652         0.4872167670431971         3.4800000000000000         1.1159999999999872        15.5421414293947393         8.8793962038426777
     66.3266253749157642         0.4588382235133300         3.4800000000000000         1.1209999999999867        16.3778828982797577         8.8793962038426795
     39.4744333946138823         0.5003567698286814         3.4800000000000000         1.1219999999999866         7.1458236899349332         8.8793962038429122
    146.9651464003133299         0.4982704641286253         3.4800000000000000         1.1259999999999861        18.6782765165736322         8.8793962038426990
    135.3426527075167201         0.4359830134837815         3.4800000000000000         1.1269999999999860        12.8863174344977427         8.8793962038430774
    206.4335110459425380         0.5338964008940892         3.4800000000000000         1.1279999999999859        24.8738136310455928         8.8793962038428340
     57.1560203701471536         0.5342533743383903         3.4800000000000000         1.1899999999999791         8.8186885676327158         8.8793962038427168
    121.9045953501122312         0.4410299825824776         3.4800000000000000         1.1919999999999789         7.9977528988279989         8.8793962038428376
    329.0554088268319788         0.4359101408972208         3.4800000000000000         1.1949999999999785        19.5237256190664894         8.8793962038429708
    188.0723070211220431         0.5107780203305134         3.4800000000000000         1.1959999999999784        14.2503313936309031         8.8793962038425462
     19.4379793148506579         0.4929999555206779         3.4800000000000000         1.2029999999999776         7.1960888606785689         8.8793962038425853
     15.1509393677003725         0.4453643502533931         3.4800000000000000         1.2079999999999771         5.6705099012747979         8.8793962038427718
     29.7039074336867479         0.4424011251091886         3.4800000000000000         1.2109999999999768        11.0601771811090188         8.8793962038426848
      8.4827941746527618         0.4762702193110072         3.4800000000000000         1.2169999999999761         3.1096485343287847         8.8793962038428393
      6.4872126725782353         0.4679988647859975         3.4800000000000000         1.2249999999999752         0.0099683039644252         8.8793962038427754
      6.5787065736412194         0.4408058567102989         3.4800000000000000         1.2259999999999751         0.3689214535172269         8.8793962038427789
      6.7935102237301930         0.5132463156088639         3.4800000000000000         1.2269999999999750         0.7585983918861723         8.8793962038427185
      2.5785068953265222         0.5898362762622090         3.4899999999999998         0.9960000000000001        -0.8851631492836899         8.9070172789823800
      2.3372098842259317         0.5385659032830532         3.4899999999999998         0.9970000000000001        -1.9844488844488568         8.9070172789825062
      2.2159448795444914         0.4936840449362180         3.4899999999999998         0.9980000000000001        -2.5368266583199293         8.9070172789823197
      2.1378435438246197         0.4670283430888401         3.4899999999999998         0.9990000000000001        -2.8830222540101085         8.9070172789824671
      2.0814096245336748         0.4498861665491861         3.4899999999999998         1.0000000000000000        -3.1233582739650712         8.9070172789824671
      2.0379690428998645         0.4402877062112107         3.4899999999999998         1.0009999999999999        -3.2992245588047915         8.9070172789825168
      2.0035237907783578         0.4461186846114676         3.4899999999999998         1.0019999999999998        -3.4297728812294164         8.9070172789824973
      1.9747942969625019         0.4384739928027311         3.4899999999999998         1.0029999999999997        -3.5317026450709910         8.9070172789824227
      1.9515148655870442         0.4517557937583768         3.4899999999999998         1.0039999999999996        -3.6056123864793572         8.9070172789824795
      1.9324272941045326         0.4713846697629481         3.4899999999999998         1.0049999999999994        -3.6580554920466790         8.9070172789824031
      1.9173053880723190         0.4989337169292813         3.4899999999999998         1.0059999999999993        -3.6900905580501915         8.9070172789824653
      1.9089117938530273         0.5572517586745079         3.4899999999999998         1.0069999999999992        -3.6865260710625702         8.9070172789824991
      4.7512103540869424         0.4904333475230148         3.4899999999999998         1.0339999999999963         3.9960614119776410         8.9070172789823783
      3.8669434723939458         0.4754386439408040         3.4899999999999998         1.0349999999999961         1.6400654762479612         8.9070172789823623
      3.7107037757535366         0.4381181030152781         3.4899999999999998         1.0359999999999960         1.1862723966510196         8.9070172789824333
      3.6336475684874903         0.4603418690212351         3.4899999999999998         1.0369999999999959         0.9303397384228684         8.9070172789824582
      5.4314970898922770         0.4381077273692164         3.4899999999999998         1.0469999999999948         1.6775900903970855         8.9070172789824458
     32.1401086516846703         0.4410189301524499         3.4899999999999998         1.0719999999999921        10.7159746993348968         8.9070172789824689
     59.8985240229296494         0.5089484799049088         3.4899999999999998         1.0729999999999920        16.1195618874979090         8.9070172789825257
    225.7864265479347807         0.4669006836241669         3.4899999999999998         1.0749999999999917        29.9175459798624459         8.9070172789826749
    253.5129992137478325         0.4522970058174373         3.4899999999999998         1.0759999999999916        21.0946699313966270         8.9070172789823463
    225.1378135147732849         0.4346707780522449         3.4899999999999998         1.0779999999999914        15.3557625516049807         8.9070172789825683
    165.6196559404233142         0.4713831418068862         3.4899999999999998         1.0959999999999894        12.4889040697943905         8.9070172789828028
     48.5388644134175209         0.4340258780699998         3.4899999999999998         1.0979999999999892         7.1591313411449038         8.9070172789823729
     45.0800134638916887         0.4406211399142981         3.4899999999999998         1.0989999999999891         8.5883384089331809         8.9070172789823250
    736.3178801716894668         0.4946718297343715         3.4899999999999998         1.1769999999999805        30.4846786255600577         8.9070172789833997
    228.8559889276022261         0.5968798156606419         3.4899999999999998         1.1799999999999802        28.6954743182276992         8.9070172789828508
     92.1092632895914676         0.4314726435309921         3.4899999999999998         1.1819999999999800         9.9553380926959001         8.9070172789823516
     38.0225323723756219         0.4880182403597895         3.4899999999999998         1.1829999999999798        15.2083516063534443         8.9070172789826483
     11.2234854868482188         0.4391314893004433         3.4899999999999998         1.1849999999999796         6.6611845892019890         8.9070172789824724
      9.4377850395010370         0.4372909689774492         3.4899999999999998         1.1859999999999795         5.4180455590305856         8.9070172789824671
      7.6319336716943802         0.4938934005827461         3.4899999999999998         1.1889999999999792         4.1258965824187808         8.9070172789826678
      8.3608916578823020         0.5973143521273395         3.4899999999999998         1.1899999999999791         5.1588579103053931         8.9070172789825239
      5.8355404052788273         0.5139886020531399         3.4899999999999998         1.1979999999999782         2.7719310154421546         8.9070172789823232
      5.8852820529775425         0.4539462301827800         3.4899999999999998         1.1989999999999781         2.8417617104962209         8.9070172789824351
      6.0010929350067928         0.4615550590019005         3.4899999999999998         1.1999999999999780         2.9999588901975893         8.9070172789823872
      6.4235931404589968         0.5878144783590212         3.4899999999999998         1.2009999999999779         3.6199791837754884         8.9070172789825097
      3.9153201257272188         0.5228253460062395         3.4899999999999998         1.2189999999999759         1.1680229749023252         8.9070172789824102
      3.9117842189810830         0.4592046488914471         3.4899999999999998         1.2199999999999758         1.1138187949047638         8.9070172789825808
      3.9298777015194979         0.4304104783068555         3.4899999999999998         1.2209999999999757         1.0350378867744676         8.9070172789824298
      4.1084260771161603         0.5313081967376719         3.4899999999999998         1.2219999999999756         0.1929997310324411         8.9070172789823356
      3.9365164326831468         0.6775447308053419         3.4999999999999996         0.9900000000000001         4.0196997975462363         8.9346383541219385
      2.4364229292225361         0.5717386796598002         3.4999999999999996         0.9910000000000001        -1.7137912567858187         8.9346383541220948
      2.2580036211262766         0.5143466522756426         3.4999999999999996         0.9920000000000001        -2.5660500033736096         8.9346383541220362
      2.1564248998268893         0.4774061849840402         3.4999999999999996         0.9930000000000001        -3.0438812300543936         8.9346383541220007
      2.0869881840302589         0.4469715320037906         3.4999999999999996         0.9940000000000001        -3.3595001833121936         8.9346383541220380
      2.0354072944932819         0.4346250167933173         3.4999999999999996         0.9950000000000001        -3.5828271387575601         8.9346383541220415
      1.9952154604460215         0.4400523549493198         3.4999999999999996         0.9960000000000001        -3.7462515914924235         8.9346383541221019
      1.9623780872613403         0.4412064966727898         3.4999999999999996         0.9970000000000001        -3.8708270271876288         8.9346383541221108
      1.9350837671338692         0.4430043295836748         3.4999999999999996         0.9980000000000001        -3.9658233473446334         8.9346383541220735
      1.9125503274047504         0.4564092073530024         3.4999999999999996         0.9990000000000001        -4.0350635086059556         8.9346383541221464
      1.8938304631073379         0.4735679254362289         3.4999999999999996         1.0000000000000000        -4.0837006077008811         8.9346383541220433
      1.8790259606493114         0.5012811382408469         3.4999999999999996         1.0009999999999999        -4.1109624881880205         8.9346383541220895
      3.9460222216970418         0.5378180148242757         3.4999999999999996         1.0299999999999967         2.0783638431909726         8.9346383541220540
      3.7034543629257692         0.4585774522465082         3.4999999999999996         1.0309999999999966         1.3953021626939370         8.9346383541221446
      3.5971936805242377         0.4354458198895623         3.4999999999999996         1.0319999999999965         1.0752567236472741         8.9346383541220664
      3.5358024318992958         0.4608710521942911         3.4999999999999996         1.0329999999999964         0.8708064266114024         8.9346383541221126
      5.2672924844183582         0.4342865736032109         3.4999999999999996         1.0449999999999950         2.0517547984473556         8.9346383541221375
     54.8989700831530598         0.4455832641292827         3.4999999999999996         1.0599999999999934        11.3276602400498128         8.9346383541222210
    221.3316106579463849         0.4958965764189590         3.4999999999999996         1.0619999999999932        14.8668217677573544         8.9346383541223844
     10.7495796240939541         0.4346223571396310         3.4999999999999996         1.1579999999999826         6.3188741078026300         8.9346383541221623
      8.9351774235958192         0.5010934878860658         3.4999999999999996         1.1599999999999824         5.0989335418778259         8.9346383541219137
      7.3030654072522978         0.4338183202198391         3.4999999999999996         1.1659999999999817         4.0664346346226239         8.9346383541220256
      7.8578806088996851         0.5827207748903614         3.4999999999999996         1.1669999999999816         4.8509589856087132         8.9346383541219865
      5.5000520949593987         0.4886870076745450         3.4999999999999996         1.1779999999999804         2.6237670236144051         8.9346383541221215
      5.5405726304205487         0.4378804077969472         3.4999999999999996         1.1789999999999803         2.6746750373659194         8.9346383541220362
      5.6164859695463347         0.4336253773097647         3.4999999999999996         1.1799999999999802         2.7724693883638767         8.9346383541220931
      5.7753289003683843         0.4914340243635897         3.4999999999999996         1.1809999999999801         2.9879944003004502         8.9346383541222441
      3.6154840179116943         0.5313651477665665         3.4999999999999996         1.2029999999999776         0.7664867146291370         8.9346383541222103
      3.6043318725953655         0.4754402370363132         3.4999999999999996         1.2039999999999775         0.6460174142087743         8.9346383541222476
      3.5983164706544875         0.4442430093534806         3.4999999999999996         1.2049999999999774         0.3667621311855813         8.9346383541220877
      3.5969856636365067         0.4294889538009108         3.4999999999999996         1.2059999999999773         0.3975753660473754         8.9346383541220771
      3.6055514376764473         0.4485603507849147         3.4999999999999996         1.2069999999999772         0.9980223969059004         8.9346383541220114
      2.5381838332194508         0.5763610241789295         3.5099999999999993         0.9850000000000001        -1.4451670034145256         8.9622594292617030
      2.2900871256329065         0.5243205207307914         3.5099999999999993         0.9860000000000001        -2.6769284078813800         8.9622594292616888
      2.1663851479146339         0.4821429042245436         3.5099999999999993         0.9870000000000001        -3.2904476474049686         8.9622594292617013
      2.0862392334454136         0.4544826283011298         3.5099999999999993         0.9880000000000001        -3.6758170481337791         8.9622594292616498
      2.0280795675427257         0.4408021232368375         3.5099999999999993         0.9890000000000001        -3.9427373723671972         8.9622594292617723
      1.9828831492397532         0.4302132961527078         3.5099999999999993         0.9900000000000001        -4.1385977788248738         8.9622594292616622
      1.9465854459668743         0.4300658972554605         3.5099999999999993         0.9910000000000001        -4.2848133865082145         8.9622594292616924
      1.9166424858529314         0.4352961940679907         3.5099999999999993         0.9920000000000001        -4.3952215516533126         8.9622594292616657
      1.8916289964676212         0.4459491633524473         3.5099999999999993         0.9930000000000001        -4.4776091951877639         8.9622594292616959
      1.8709752245858886         0.4688258375659429         3.5099999999999993         0.9940000000000001        -4.5349143211829057         8.9622594292616355
      1.8535433595006698         0.4872413265820741         3.5099999999999993         0.9950000000000001        -4.5739054545353381         8.9622594292617581
      1.8406062605231805         0.5238150671411435         3.5099999999999993         0.9960000000000001        -4.5865953539364925         8.9622594292618132
      3.7911296314468470         0.5049222431676503         3.5099999999999993         1.0249999999999972         1.8124798672823925         8.9622594292617688
      3.6088845341478537         0.4409034156426242         3.5099999999999993         1.0259999999999971         1.2855435027529722         8.9622594292616391
      3.5156161379190256         0.4332470085114824         3.5099999999999993         1.0269999999999970         1.0032464549810918         8.9622594292616942
      3.4572343319752847         0.4518781057926267         3.5099999999999993         1.0279999999999969         0.8145929102830536         8.9622594292617030
      3.4205496058643496         0.5065036664523120         3.5099999999999993         1.0289999999999968         0.6835526434140302         8.9622594292615716
      7.1259887812287506         0.6588506477535558         3.5099999999999993         1.0409999999999955         6.2629124970730317         8.9622594292616640
      5.1643016284605254         0.4342943325380387         3.5099999999999993         1.0419999999999954         2.3555250227792155         8.9622594292616888
      5.0319842407677227         0.4926549145995032         3.5099999999999993         1.0429999999999953         1.9334832803872914         8.9622594292617226
      6.6645976767661184         0.4648957027194350         3.5099999999999993         1.0489999999999946         2.0367326476247731         8.9622594292616551
     17.1694400323045038         0.5403215227225544         3.5099999999999993         1.1289999999999858         9.6421140991450631         8.9622594292618363
     10.2648676536477517         0.4403681809091188         3.5099999999999993         1.1329999999999854         5.8488186967396407         8.9622594292617777
      8.5397587435959466         0.5405543480510653         3.5099999999999993         1.1369999999999849         4.7849392946103215         8.9622594292615041
      8.7514779276478745         0.4485906091568826         3.5099999999999993         1.1379999999999848         5.0730416630422202         8.9622594292616391
      6.9175421601902976         0.4725771683648660         3.5099999999999993         1.1459999999999839         3.7377114398773785         8.9622594292616959
      7.0176396672238539         0.4313005912062176         3.5099999999999993         1.1469999999999838         3.8733310138411716         8.9622594292617386
      7.3259965357145385         0.5355573028761644         3.5099999999999993         1.1479999999999837         4.2957781831771209         8.9622594292617617
      5.2276721213735806         0.5383244462371065         3.5099999999999993         1.1619999999999822         2.3729844587341971         8.9622594292616871
      5.2470996309847084         0.4658917004846243         3.5099999999999993         1.1629999999999820         2.3902289795350899         8.9622594292617865
      5.2838640947645281         0.4354384871610331         3.5099999999999993         1.1639999999999819         2.4296069145169428         8.9622594292617332
      5.3422566270215439         0.4356070839053595         3.5099999999999993         1.1649999999999818         2.4967447547744772         8.9622594292617119
      5.4404490541790356         0.4619451289637759         3.5099999999999993         1.1659999999999817         2.6178815862166509         8.9622594292617581
      5.6531051444339058         0.5330972542565209         3.5099999999999993         1.1669999999999816         2.9096511628270734         8.9622594292616302
      3.3831978914081393         0.5384128372391422         3.5099999999999993         1.1919999999999789         0.0025694751501645         8.9622594292618842
      3.3653198606838211         0.4961616847784016         3.5099999999999993         1.1929999999999787         0.3850841134933006         8.9622594292616427
      3.3466743249338333         0.4630083968546273         3.5099999999999993         1.1939999999999786         0.6341237074317716         8.9622594292618114
      3.3220058493269486         0.4428267105129582         3.5099999999999993         1.1949999999999785         0.8320474930121218         8.9622594292616906
      2.6008218960200664         0.5784382371470445         3.5199999999999991         0.9790000000000001        -1.3957915371178649         8.9898805044012740
      2.2985918817365247         0.5296697695387913         3.5199999999999991         0.9800000000000001        -2.9544891334306258         8.9898805044012224
      2.1615132924022702         0.4842109831170689         3.5199999999999991         0.9810000000000001        -3.6690672629527041         8.9898805044014214
      2.0751248002947449         0.4553480126260857         3.5199999999999991         0.9820000000000001        -4.1062653365017949         8.9898805044012153
      2.0134980880528959         0.4516090939220593         3.5199999999999991         0.9830000000000001        -4.4032077504162572         8.9898805044012704
      1.9653483163023455         0.4309779888762961         3.5199999999999991         0.9840000000000001        -4.6228028268636558         8.9898805044012207
      1.9269246083317317         0.4285484250215265         3.5199999999999991         0.9850000000000001        -4.7850398627758031         8.9898805044012988
      1.8952209785308651         0.4321579032568487         3.5199999999999991         0.9860000000000001        -4.9072542886497548         8.9898805044013237
      1.8685700026547647         0.4390950724655248         3.5199999999999991         0.9870000000000001        -4.9991219721415607         8.9898805044012953
      1.8461066473564305         0.4522486673666803         3.5199999999999991         0.9880000000000001        -5.0656046080391288         8.9898805044013823
      1.8275597872765001         0.4772342972786633         3.5199999999999991         0.9890000000000001        -5.1080762998213318         8.9898805044012384
      1.8126732605750060         0.5084750504892791         3.5199999999999991         0.9900000000000001        -5.1280593730537696         8.9898805044014214
      3.7483463586612156         0.5090621131528721         3.5199999999999991         1.0189999999999979         1.8102784083291283         8.9898805044013823
      3.5597682770275494         0.4471353277273736         3.5199999999999991         1.0199999999999978         1.2549059418962480         8.9898805044012864
      3.4617196693121306         0.4281906285352062         3.5199999999999991         1.0209999999999977         0.9591512055105728         8.9898805044012882
      3.3987191143080766         0.4345525628755374         3.5199999999999991         1.0219999999999976         0.7620456904656292         8.9898805044013024
      3.3559973143773658         0.4731216910287945         3.5199999999999991         1.0229999999999975         0.6215543318112720         8.9898805044012970
      3.3325723613566680         0.5624446273499775         3.5199999999999991         1.0239999999999974         0.5355409012625743         8.9898805044011638
      5.8767271255302660         0.5618583322516105         3.5199999999999991         1.0369999999999959         4.3454784897703620         8.9898805044014640
      5.0794494475044321         0.4404717865937893         3.5199999999999991         1.0379999999999958         2.5812291789986093         8.9898805044012136
      4.9346932949172038         0.4415493991073269         3.5199999999999991         1.0389999999999957         2.1876476754003349         8.9898805044013468
      6.6333271647830516         0.4384033244549458         3.5199999999999991         1.0469999999999948         2.1911403586650642         8.9898805044012189
      8.0830805940454979         0.4321344345538321         3.5199999999999991         1.0519999999999943         3.9181299757109533         8.9898805044013095
