   1000.0000000000000000         0.0100337507336691         3.4800000000000000         1.1289999999999858        13.7137981576535406         8.8793962038436263
   1000.0000000000000000        -0.0088732755253493         3.4800000000000000         1.1299999999999857        22.3731667299933576         8.8793962038427310
   1000.0000000000000000        -0.0737469845442607         3.4800000000000000         1.1309999999999856        11.5260667415963027         8.8793962038429175
   1000.0000000000000000        -0.0712609105191909         3.4800000000000000         1.1319999999999855         8.7890854183737446         8.8793962038435357
   1000.0000000000000000        -0.0853029795453525         3.4800000000000000         1.1329999999999854        11.4608752623834071         8.8793962038426280
   1000.0000000000000000         0.0636748650531927         3.4800000000000000         1.1339999999999852        13.7853922384679706         8.8793962038430436
   1000.0000000000000000        -0.0722500204721954         3.4800000000000000         1.1349999999999851        13.6323228700785410         8.8793962038422904
   1000.0000000000000000        -0.1034622903896130         3.4800000000000000         1.1359999999999850        13.6867727532378893         8.8793962038428056
   1000.0000000000000000         0.2059576758446474         3.4800000000000000         1.1369999999999849        13.4122674605073247         8.8793962038427683
   1000.0000000000000000        -0.0282036083528768         3.4800000000000000         1.1379999999999848        13.1297724869595864         8.8793962038433776
   1000.0000000000000000        -0.1135330015450545         3.4800000000000000         1.1389999999999847        13.9892277324459577         8.8793962038426955
   1000.0000000000000000        -0.0108060859446096         3.4800000000000000         1.1399999999999846        13.5826974923814543         8.8793962038427789
   1000.0000000000000000        -0.0595414410375344         3.4800000000000000         1.1409999999999845        13.6068550236715566         8.8793962038419370
   1000.0000000000000000        -0.0095824147815761         3.4800000000000000         1.1419999999999844        13.6233298775868317         8.8793962038425764
   1000.0000000000000000         0.1136817629376638         3.4800000000000000         1.1429999999999843        13.5783580561617683         8.8793962038440366
   1000.0000000000000000        -0.0546692307438066         3.4800000000000000         1.1439999999999841        13.5199539109285496         8.8793962038426635
   1000.0000000000000000        -0.1037124597470147         3.4800000000000000         1.1449999999999840        13.4442436986421097         8.8793962038423526
   1000.0000000000000000         0.4535372395288370         3.4800000000000000         1.1459999999999839        13.3606013439675699         8.8793962038422674
   1000.0000000000000000        -0.0238412101407529         3.4800000000000000         1.1469999999999838        13.2737929495727265         8.8793962038423384
   1000.0000000000000000        -0.0737483058855924         3.4800000000000000         1.1479999999999837        13.1794918036576405         8.8793962038425498
   1000.0000000000000000         0.3947088644536612         3.4800000000000000         1.1489999999999836        13.0746654924422874         8.8793962038430596
   1000.0000000000000000         0.0275242536435558         3.4800000000000000         1.1499999999999835        12.9708145523810519         8.8793962038435623
   1000.0000000000000000        -0.0693360830590564         3.4800000000000000         1.1509999999999834        12.8521199463870754         8.8793962038421359
   1000.0000000000000000        -0.0999913211639926         3.4800000000000000         1.1519999999999833        12.7315760646525487         8.8793962038445375
   1000.0000000000000000         0.4199573412317224         3.4800000000000000         1.1529999999999831        12.6066847250183258         8.8793962038433918
   1000.0000000000000000         0.0133636373577735         3.4800000000000000         1.1539999999999830        12.4600666282018278         8.8793962038419227
   1000.0000000000000000        -0.0763626364069824         3.4800000000000000         1.1549999999999829        12.3143378215296799         8.8793962038418854
   1000.0000000000000000        -0.1037762728501401         3.4800000000000000         1.1559999999999828        12.1515898478856190         8.8793962038420879
   1000.0000000000000000         0.5033510756337283         3.4800000000000000         1.1569999999999827        11.9775979674523221         8.8793962038432053
   1000.0000000000000000         0.0600431570946384         3.4800000000000000         1.1579999999999826        11.7923538352016610         8.8793962038429424
   1000.0000000000000000        -0.0458740462087980         3.4800000000000000         1.1589999999999825        11.5902656567668725         8.8793962038432372
   1000.0000000000000000        -0.0891917590455928         3.4800000000000000         1.1599999999999824        11.3684266661347912         8.8793962038437311
   1000.0000000000000000        -0.0963664467091408         3.4800000000000000         1.1609999999999823        11.1239669612913925         8.8793962038427345
   1000.0000000000000000         0.4108041117643332         3.4800000000000000         1.1619999999999822        10.8514541269626772         8.8793962038424521
   1000.0000000000000000         0.1732183570543156         3.4800000000000000         1.1629999999999820        10.5437420686949714         8.8793962038425054
   1000.0000000000000000         0.0306531711999091         3.4800000000000000         1.1639999999999819        10.1894218263401211         8.8793962038424681
   1000.0000000000000000        -0.0226686413942349         3.4800000000000000         1.1649999999999818         9.7682261262906369         8.8793962038433101
   1000.0000000000000000        -0.0492367059420924         3.4800000000000000         1.1659999999999817         9.2463136790974776         8.8793962038425995
   1000.0000000000000000        -0.0640564321455203         3.4800000000000000         1.1669999999999816         8.5567657742750480         8.8793962038427718
   1000.0000000000000000        -0.0723671033232514         3.4800000000000000         1.1679999999999815         7.5247393648200447         8.8793962038428447
   1000.0000000000000000        -0.0761410815910892         3.4800000000000000         1.1689999999999814         5.3544845422841014         8.8793962038429441
   1000.0000000000000000        -0.0755285863366671         3.4800000000000000         1.1699999999999813         6.3548928584854449         8.8793962038421679
   1000.0000000000000000        -0.0691917777131759         3.4800000000000000         1.1709999999999812         7.9526759345362557         8.8793962038427114
   1000.0000000000000000        -0.0535532808290631         3.4800000000000000         1.1719999999999811         8.8564447987260948         8.8793962038422052
   1000.0000000000000000        -0.0192741884530373         3.4800000000000000         1.1729999999999809         9.5080303138931832         8.8793962038433527
   1000.0000000000000000         0.0795615144504303         3.4800000000000000         1.1739999999999808        10.0337252172984623         8.8793962038434397
   1000.0000000000000000         0.2683112520305521         3.4800000000000000         1.1749999999999807        10.4869480689600341         8.8793962038437897
   1000.0000000000000000        -0.0786312734111925         3.4800000000000000         1.1759999999999806        10.8901826080425863         8.8793962038435001
   1000.0000000000000000        -0.0043009585624461         3.4800000000000000         1.1769999999999805        11.2551797222113130         8.8793962038437186
   1000.0000000000000000        -0.0654091738925373         3.4800000000000000         1.1779999999999804        11.5819411477959147         8.8793962038427185
   1000.0000000000000000        -0.0137034478891465         3.4800000000000000         1.1789999999999803        11.8589754378336600         8.8793962038422709
   1000.0000000000000000        -0.0799120706985893         3.4800000000000000         1.1799999999999802        12.0847842363931068         8.8793962038428251
   1000.0000000000000000         0.4295364681068036         3.4800000000000000         1.1809999999999801        12.2605981354642477         8.8793962038419600
   1000.0000000000000000        -0.0033109099790175         3.4800000000000000         1.1819999999999800        12.3875518963457942         8.8793962038428624
   1000.0000000000000000        -0.0698359039166880         3.4800000000000000         1.1829999999999798        12.4721213244161255         8.8793962038423988
   1000.0000000000000000        -0.1027511036568512         3.4800000000000000         1.1839999999999797        12.4859877002714814         8.8793962038429886
   1000.0000000000000000         0.0553554848934012         3.4800000000000000         1.1849999999999796        12.3961995416170510         8.8793962038427701
   1000.0000000000000000         0.4798082949858143         3.4800000000000000         1.1859999999999795        12.1750643767026219         8.8793962038427807
   1000.0000000000000000         0.1306585538847559         3.4800000000000000         1.1869999999999794        12.6135679531660667         8.8793962038425533
   1000.0000000000000000         0.0817014401499511         3.4800000000000000         1.1929999999999787         9.5344449636301327         8.8793962038426155
   1000.0000000000000000         0.0976892878396648         3.4800000000000000         1.1939999999999786         7.9472587611657834         8.8793962038432799
   1000.0000000000000000         0.3108811727583712         3.4899999999999998         1.0829999999999909        14.1070896703132664         8.9070172789825595
   1000.0000000000000000         0.3365436273331385         3.4899999999999998         1.0839999999999907        12.8055313005740459         8.9070172789829343
   1000.0000000000000000         0.1543796485657297         3.4899999999999998         1.0849999999999906        11.6823284951871607         8.9070172789832043
   1000.0000000000000000         0.0616687994183949         3.4899999999999998         1.0859999999999905         9.8991525434142034         8.9070172789827957
   1000.0000000000000000         0.0524078967438846         3.4899999999999998         1.0869999999999904         8.7124855329262871         8.9070172789830995
   1000.0000000000000000         0.1349847430087185         3.4899999999999998         1.0879999999999903        11.1055569026170122         8.9070172789832895
   1000.0000000000000000         0.3287598187224973         3.4899999999999998         1.0889999999999902        12.1850157203548690         8.9070172789829254
   1000.0000000000000000         0.2486775921669470         3.4899999999999998         1.0899999999999901        12.8484263304822424         8.9070172789821580
   1000.0000000000000000        -0.0640721419799253         3.4899999999999998         1.0999999999999890        38.3170929550517840         8.9070172789829467
   1000.0000000000000000         0.4883290950716959         3.4899999999999998         1.1019999999999888         9.8486944990693939         8.9070172789820194
   1000.0000000000000000        -0.1321832416429766         3.4899999999999998         1.1029999999999887         9.2603383511437851         8.9070172789831137
   1000.0000000000000000        -0.1169339655717325         3.4899999999999998         1.1039999999999885        13.1380609864486182         8.9070172789826270
   1000.0000000000000000        -0.0264080955439406         3.4899999999999998         1.1049999999999884        13.6097638107483014         8.9070172789822148
   1000.0000000000000000         0.2801799243512889         3.4899999999999998         1.1059999999999883        13.0542290752772541         8.9070172789834920
   1000.0000000000000000        -0.0566350234934482         3.4899999999999998         1.1069999999999882        12.9372206601645665         8.9070172789827851
   1000.0000000000000000         0.3438759827717350         3.4899999999999998         1.1079999999999881        12.6177523832248166         8.9070172789824689
   1000.0000000000000000        -0.0876164810855732         3.4899999999999998         1.1089999999999880        13.6637507706494450         8.9070172789833766
   1000.0000000000000000        -0.0866735631731654         3.4899999999999998         1.1099999999999879        13.1177903688673485         8.9070172789832966
   1000.0000000000000000         0.1077561996507897         3.4899999999999998         1.1109999999999878        13.2148276147723074         8.9070172789832007
   1000.0000000000000000        -0.0702573062372026         3.4899999999999998         1.1119999999999877        13.2210719570718815         8.9070172789818596
   1000.0000000000000000         0.0886755570562644         3.4899999999999998         1.1129999999999876        13.1917329778904087         8.9070172789832842
   1000.0000000000000000        -0.0246493172500509         3.4899999999999998         1.1139999999999874        13.1455544361053214         8.9070172789823534
   1000.0000000000000000         0.1099158185185181         3.4899999999999998         1.1149999999999873        13.1119012252813771         8.9070172789828259
   1000.0000000000000000         0.0559698233197520         3.4899999999999998         1.1159999999999872        13.0634618631548953         8.9070172789824369
   1000.0000000000000000        -0.1052614414765053         3.4899999999999998         1.1169999999999871        13.0217713682670411         8.9070172789831048
   1000.0000000000000000         0.0773589350074152         3.4899999999999998         1.1179999999999870        12.3641458988279993         8.9070172789822841
   1000.0000000000000000        -0.1167372599453247         3.4899999999999998         1.1189999999999869        12.8953756334516427         8.9070172789832895
   1000.0000000000000000         0.2954161464626891         3.4899999999999998         1.1199999999999868        12.8289400966076954         8.9070172789827744
   1000.0000000000000000        -0.0326282566498070         3.4899999999999998         1.1209999999999867        12.7632694687613473         8.9070172789837496
   1000.0000000000000000        -0.0769113827168355         3.4899999999999998         1.1219999999999866        12.6942038117184275         8.9070172789819022
   1000.0000000000000000         0.1983966575676250         3.4899999999999998         1.1229999999999865        12.6196275644951577         8.9070172789822788
   1000.0000000000000000        -0.0627576050375361         3.4899999999999998         1.1239999999999863        12.5409374737798149         8.9070172789824618
   1000.0000000000000000        -0.0843871380236670         3.4899999999999998         1.1249999999999862        12.4582507100481976         8.9070172789829662
   1000.0000000000000000         0.0796305609651853         3.4899999999999998         1.1259999999999861        12.3696817211840955         8.9070172789822006
   1000.0000000000000000        -0.0825950409756587         3.4899999999999998         1.1269999999999860        12.2760419867299735         8.9070172789829236
   1000.0000000000000000        -0.1070472891742880         3.4899999999999998         1.1279999999999859        12.1733539920381535         8.9070172789821989
   1000.0000000000000000         0.3526414448981554         3.4899999999999998         1.1289999999999858        12.0650678117542647         8.9070172789824369
   1000.0000000000000000        -0.0147941379811958         3.4899999999999998         1.1299999999999857        11.9491711213069145         8.9070172789825701
   1000.0000000000000000        -0.0922431957514530         3.4899999999999998         1.1309999999999856        11.8220775910621789         8.9070172789827833
   1000.0000000000000000         0.0225500460741695         3.4899999999999998         1.1319999999999855        11.6863470364105986         8.9070172789821651
   1000.0000000000000000         0.2505589658119974         3.4899999999999998         1.1329999999999854        11.5387108034082946         8.9070172789829201
   1000.0000000000000000         0.0239674917451266         3.4899999999999998         1.1339999999999852        11.3767420431689530         8.9070172789820177
   1000.0000000000000000        -0.0683853986270558         3.4899999999999998         1.1349999999999851        11.1984373921833793         8.9070172789824547
   1000.0000000000000000        -0.1104325186920231         3.4899999999999998         1.1359999999999850        11.0018680202158965         8.9070172789828668
   1000.0000000000000000        -0.0928783264140228         3.4899999999999998         1.1369999999999849        10.7831243936922210         8.9070172789829805
   1000.0000000000000000         0.4282424531062049         3.4899999999999998         1.1379999999999848        10.5343133746446256         8.9070172789830320
   1000.0000000000000000         0.2250826478221934         3.4899999999999998         1.1389999999999847        10.2480010899579757         8.9070172789826518
   1000.0000000000000000         0.0723800179777667         3.4899999999999998         1.1399999999999846         9.9128159012836452         8.9070172789834956
   1000.0000000000000000         0.0081263676087260         3.4899999999999998         1.1409999999999845         9.5086581476691041         8.9070172789831155
   1000.0000000000000000        -0.0268016484801486         3.4899999999999998         1.1419999999999844         8.9981462085399535         8.9070172789827637
   1000.0000000000000000        -0.0476971675912214         3.4899999999999998         1.1429999999999843         8.3016871794630909         8.9070172789826394
   1000.0000000000000000        -0.0593398977734774         3.4899999999999998         1.1439999999999841         7.2134666110341801         8.9070172789828490
   1000.0000000000000000        -0.0635560697098149         3.4899999999999998         1.1449999999999840         4.8407053760608845         8.9070172789832220
   1000.0000000000000000        -0.0608298531962542         3.4899999999999998         1.1459999999999839         6.6510424295534083         8.9070172789818081
   1000.0000000000000000        -0.0503184317424448         3.4899999999999998         1.1469999999999838         8.0171078345868274         8.9070172789835009
   1000.0000000000000000        -0.0291794304488603         3.4899999999999998         1.1479999999999837         8.8314991889123000         8.9070172789830249
   1000.0000000000000000         0.0096709974341407         3.4899999999999998         1.1489999999999836         9.4148819908232610         8.9070172789824671
   1000.0000000000000000         0.0858728118470228         3.4899999999999998         1.1499999999999835         9.8737086165276242         8.9070172789828224
   1000.0000000000000000         0.2655002073661837         3.4899999999999998         1.1509999999999834        10.2526919013014304         8.9070172789827406
   1000.0000000000000000         0.3068132003264719         3.4899999999999998         1.1519999999999833        10.5772160367923522         8.9070172789830639
   1000.0000000000000000        -0.1057252324543694         3.4899999999999998         1.1529999999999831        10.8605922589276531         8.9070172789834849
   1000.0000000000000000        -0.0836779065280234         3.4899999999999998         1.1539999999999830        11.1140162290159950         8.9070172789824849
   1000.0000000000000000         0.0065117588361047         3.4899999999999998         1.1549999999999829        11.3437029483395531         8.9070172789827478
   1000.0000000000000000         0.4834329208395639         3.4899999999999998         1.1559999999999828        11.5540853648271167         8.9070172789821456
   1000.0000000000000000        -0.1214926972547538         3.4899999999999998         1.1569999999999827        11.7468845767672718         8.9070172789838331
   1000.0000000000000000        -0.0194062429075183         3.4899999999999998         1.1579999999999826        11.9285602986232160         8.9070172789820674
   1000.0000000000000000         0.4882302002791933         3.4899999999999998         1.1589999999999825        12.0956662639738290         8.9070172789825168
   1000.0000000000000000        -0.0728412424090955         3.4899999999999998         1.1599999999999824        12.2558129091441081         8.9070172789830995
   1000.0000000000000000         0.3691126378433546         3.4899999999999998         1.1609999999999823        12.4033551681159526         8.9070172789825932
   1000.0000000000000000        -0.0997166619439810         3.4899999999999998         1.1619999999999822        12.5471486638742071         8.9070172789830835
   1000.0000000000000000         0.4902064648942545         3.4899999999999998         1.1629999999999820        12.6819847158590626         8.9070172789822131
   1000.0000000000000000        -0.0272376812930604         3.4899999999999998         1.1639999999999819        12.8108014273405146         8.9070172789829254
   1000.0000000000000000        -0.0965795255289697         3.4899999999999998         1.1649999999999818        12.9335946791267524         8.9070172789828774
   1000.0000000000000000         0.4202699510894823         3.4899999999999998         1.1659999999999817        12.9756581707343965         8.9070172789824227
   1000.0000000000000000        -0.0065904613528437         3.4899999999999998         1.1669999999999816        13.1710487629459916         8.9070172789836999
   1000.0000000000000000        -0.0831586567676790         3.4899999999999998         1.1679999999999815        13.2931638859504027         8.9070172789832505
   1000.0000000000000000        -0.0894599913491695         3.4899999999999998         1.1689999999999814        13.4371013848987424         8.9070172789819893
   1000.0000000000000000        -0.0989596272621354         3.4899999999999998         1.1699999999999813        13.8522696790222710         8.9070172789824102
   1000.0000000000000000        -0.1340617561036768         3.4899999999999998         1.1709999999999812         8.3167805435947830         8.9070172789830000
   1000.0000000000000000        -0.0395787805265203         3.4899999999999998         1.1719999999999811        15.2962342555111341         8.9070172789827211
   1000.0000000000000000         0.1018376629473409         3.4899999999999998         1.1729999999999809        14.2978687356167082         8.9070172789826483
   1000.0000000000000000         0.1658226215014918         3.4899999999999998         1.1739999999999808        13.7988542014823263         8.9070172789823516
   1000.0000000000000000         0.0615240394216737         3.4899999999999998         1.1749999999999807        14.4037608650411268         8.9070172789833126
   1000.0000000000000000        -0.0569042381794423         3.4899999999999998         1.1759999999999806        17.1177784746780723         8.9070172789829005
   1000.0000000000000000         0.0499519104133519         3.4999999999999996         1.0639999999999930        49.2504412853364073         8.9346383541230878
   1000.0000000000000000        -0.1389722791852516         3.4999999999999996         1.0649999999999928        26.4621895295064462         8.9346383541237060
   1000.0000000000000000        -0.0675844922286058         3.4999999999999996         1.0659999999999927        13.9134160560379136         8.9346383541226704
   1000.0000000000000000        -0.0079801532697298         3.4999999999999996         1.0669999999999926        12.0300702137232012         8.9346383541220824
   1000.0000000000000000         0.0188164341734964         3.4999999999999996         1.0679999999999925         9.5788996785594822         8.9346383541225709
   1000.0000000000000000         0.0189372696648849         3.4999999999999996         1.0689999999999924         9.7015591319289367         8.9346383541222281
   1000.0000000000000000        -0.0107566363623906         3.4999999999999996         1.0699999999999923        10.6683826368291168         8.9346383541222423
   1000.0000000000000000        -0.0825233353656707         3.4999999999999996         1.0709999999999922        10.2490852306339075         8.9346383541230008
   1000.0000000000000000        -0.1048899900937224         3.4999999999999996         1.0719999999999921        28.4795379383775149         8.9346383541218017
   1000.0000000000000000         0.0038414045612197         3.4999999999999996         1.0729999999999920        13.8730681916412308         8.9346383541232104
   1000.0000000000000000        -0.1053493838270666         3.4999999999999996         1.0739999999999919        14.0683365529903632         8.9346383541226526
   1000.0000000000000000         0.1346617337067772         3.4999999999999996         1.0749999999999917        13.7094433992730451         8.9346383541237273
   1000.0000000000000000         0.4939370395298956         3.4999999999999996         1.0759999999999916        14.0599402649721910         8.9346383541231873
   1000.0000000000000000        -0.0909872047895500         3.4999999999999996         1.0769999999999915        14.0675411928860470         8.9346383541223897
   1000.0000000000000000         0.2538205934957994         3.4999999999999996         1.0779999999999914        13.9724864157936359         8.9346383541231766
   1000.0000000000000000        -0.1104312051287525         3.4999999999999996         1.0789999999999913        13.6392150415329141         8.9346383541225691
   1000.0000000000000000         0.3280760928408501         3.4999999999999996         1.0799999999999912        13.3503309107541099         8.9346383541222405
   1000.0000000000000000        -0.1449909738322252         3.4999999999999996         1.0809999999999911        13.4908964517719330         8.9346383541227326
   1000.0000000000000000         0.4178629265126148         3.4999999999999996         1.0819999999999910        13.2960164381793380         8.9346383541230807
   1000.0000000000000000        -0.1200335324869282         3.4999999999999996         1.0829999999999909        13.4488484717707593         8.9346383541231784
   1000.0000000000000000         0.3934620488237751         3.4999999999999996         1.0839999999999907        13.7834025625677086         8.9346383541223435
   1000.0000000000000000         0.0328571467633362         3.4999999999999996         1.0849999999999906        13.7836945851241577         8.9346383541224341
   1000.0000000000000000        -0.0475924587375093         3.4999999999999996         1.0859999999999905        13.8429653451014225         8.9346383541220824
   1000.0000000000000000         0.2808805458220495         3.4999999999999996         1.0869999999999904        13.8456028759393011         8.9346383541228320
   1000.0000000000000000        -0.1183650304393306         3.4999999999999996         1.0879999999999903        13.8289594506252129         8.9346383541227965
   1000.0000000000000000         0.2797314954079734         3.4999999999999996         1.0889999999999902        13.7931776753608677         8.9346383541229386
   1000.0000000000000000        -0.0588913222167842         3.4999999999999996         1.0899999999999901        13.7494205812092840         8.9346383541228178
   1000.0000000000000000        -0.0928200867061184         3.4999999999999996         1.0909999999999900        13.6959574945473612         8.9346383541226491
   1000.0000000000000000         0.0475567997198628         3.4999999999999996         1.0919999999999899        13.6448405327336086         8.9346383541224057
   1000.0000000000000000        -0.1418889374477594         3.4999999999999996         1.0929999999999898        13.5831313362289023         8.9346383541234520
   1000.0000000000000000         0.4716513831190008         3.4999999999999996         1.0939999999999896        13.5232038712506792         8.9346383541227166
   1000.0000000000000000        -0.0451111825261116         3.4999999999999996         1.0949999999999895        13.4608186068081217         8.9346383541227947
   1000.0000000000000000        -0.1292550656959359         3.4999999999999996         1.0959999999999894        13.3924665814475237         8.9346383541231322
   1000.0000000000000000         0.1260274726083937         3.4999999999999996         1.0969999999999893        13.3225268384247144         8.9346383541226011
   1000.0000000000000000        -0.0854394735048957         3.4999999999999996         1.0979999999999892        13.2380969628568401         8.9346383541219883
   1000.0000000000000000        -0.0657485943974205         3.4999999999999996         1.0989999999999891        13.1822848674130455         8.9346383541216738
   1000.0000000000000000         0.0968872698736519         3.4999999999999996         1.0999999999999890        13.1075413692755998         8.9346383541227041
   1000.0000000000000000        -0.0884070885982489         3.4999999999999996         1.1009999999999889        13.0260186251037275         8.9346383541225105
   1000.0000000000000000        -0.0671330548629995         3.4999999999999996         1.1019999999999888        12.9451068999790380         8.9346383541226810
   1000.0000000000000000         0.1384262854296084         3.4999999999999996         1.1029999999999887        12.8593843729727926         8.9346383541220309
   1000.0000000000000000        -0.0542704351024740         3.4999999999999996         1.1039999999999885        12.7673450036459410         8.9346383541225780
   1000.0000000000000000        -0.1251418756143386         3.4999999999999996         1.1049999999999884        12.6737826628054453         8.9346383541222725
   1000.0000000000000000         0.3761554300997125         3.4999999999999996         1.1059999999999883        12.5735411540455839         8.9346383541226455
   1000.0000000000000000         0.0409895191537018         3.4999999999999996         1.1069999999999882        12.4701655319921993         8.9346383541231909
   1000.0000000000000000        -0.0949003781289719         3.4999999999999996         1.1079999999999881        12.3565201498759478         8.9346383541233827
   1000.0000000000000000        -0.1158055970606687         3.4999999999999996         1.1089999999999880        12.2398678883621770         8.9346383541224359
   1000.0000000000000000         0.4160107294477470         3.4999999999999996         1.1099999999999879        12.1125502042158839         8.9346383541230416
   1000.0000000000000000         0.0771794005515887         3.4999999999999996         1.1109999999999878        11.9788355004564639         8.9346383541228374
   1000.0000000000000000        -0.0493114445412641         3.4999999999999996         1.1119999999999877        11.8314824250501829         8.9346383541225691
   1000.0000000000000000        -0.1211894887324895         3.4999999999999996         1.1129999999999876        11.6724041143244630         8.9346383541233347
   1000.0000000000000000        -0.1034746107811832         3.4999999999999996         1.1139999999999874        11.5002863179813914         8.9346383541226402
   1000.0000000000000000         0.4189848564969136         3.4999999999999996         1.1149999999999873        11.3085577624635185         8.9346383541228214
   1000.0000000000000000         0.2150967767525405         3.4999999999999996         1.1159999999999872        11.0951550925043154         8.9346383541225531
   1000.0000000000000000         0.0634961526533117         3.4999999999999996         1.1169999999999871        10.8545739876901060         8.9346383541227077
   1000.0000000000000000        -0.0150379537872747         3.4999999999999996         1.1179999999999870        10.5769549535318372         8.9346383541223897
   1000.0000000000000000        -0.0679169356554794         3.4999999999999996         1.1189999999999869        10.2498179325790648         8.9346383541226491
   1000.0000000000000000        -0.1021308443793328         3.4999999999999996         1.1199999999999868         9.8540702425849442         8.9346383541227024
   1000.0000000000000000        -0.1205433263003787         3.4999999999999996         1.1209999999999867         9.3563292282290114         8.9346383541226757
   1000.0000000000000000        -0.1273781499890173         3.4999999999999996         1.1219999999999866         8.6797271024988127         8.9346383541228303
   1000.0000000000000000        -0.1273022265097030         3.4999999999999996         1.1229999999999865         7.6243275986964747         8.9346383541223986
   1000.0000000000000000        -0.1254893593110173         3.4999999999999996         1.1239999999999863         5.3358645944085037         8.9346383541230221
   1000.0000000000000000        -0.1256267475734220         3.4999999999999996         1.1249999999999862         6.9532451378371372         8.9346383541227894
   1000.0000000000000000        -0.1264378238178571         3.4999999999999996         1.1259999999999861         8.3609796034295325         8.9346383541232477
   1000.0000000000000000        -0.1217723539593511         3.4999999999999996         1.1269999999999860         9.1951782755770015         8.9346383541227947
   1000.0000000000000000        -0.1046576083837062         3.4999999999999996         1.1279999999999859         9.7933905898616302         8.9346383541230292
   1000.0000000000000000        -0.0701607150646008         3.4999999999999996         1.1289999999999858        10.2634110088385935         8.9346383541224146
   1000.0000000000000000        -0.0103883800229447         3.4999999999999996         1.1299999999999857        10.6529905762822850         8.9346383541224483
   1000.0000000000000000         0.1094758370689085         3.4999999999999996         1.1309999999999856        10.9866256296810043         8.9346383541220327
   1000.0000000000000000         0.3762220195661450         3.4999999999999996         1.1319999999999855        11.2804933850408098         8.9346383541221268
   1000.0000000000000000         0.0417385946137753         3.4999999999999996         1.1329999999999854        11.5476864385531304         8.9346383541230736
   1000.0000000000000000        -0.1215079583866578         3.4999999999999996         1.1339999999999852        11.7889055752238487         8.9346383541228853
   1000.0000000000000000        -0.0232637887677015         3.4999999999999996         1.1349999999999851        12.0138984067771180         8.9346383541227823
   1000.0000000000000000         0.3231053501243881         3.4999999999999996         1.1359999999999850        12.2228424885318319         8.9346383541225034
   1000.0000000000000000        -0.0833896069942653         3.4999999999999996         1.1369999999999849        12.4239628606156725         8.9346383541229457
   1000.0000000000000000        -0.0437963537703029         3.4999999999999996         1.1379999999999848        12.6132783405385744         8.9346383541234058
   1000.0000000000000000         0.4146224126658386         3.4999999999999996         1.1389999999999847        12.7959807536152308         8.9346383541233578
   1000.0000000000000000        -0.1132264482841558         3.4999999999999996         1.1399999999999846        12.9758158497057448         8.9346383541230630
   1000.0000000000000000         0.3347188769685787         3.4999999999999996         1.1409999999999845        13.1496831580365612         8.9346383541217183
   1000.0000000000000000        -0.1086794277114389         3.4999999999999996         1.1419999999999844        13.3234772097865619         8.9346383541225869
   1000.0000000000000000         0.3709972287187369         3.4999999999999996         1.1429999999999843        13.4945196714423421         8.9346383541226668
   1000.0000000000000000        -0.0009274937619578         3.4999999999999996         1.1439999999999841        13.6967003812108832         8.9346383541220789
   1000.0000000000000000        -0.1173423999506811         3.4999999999999996         1.1449999999999840        13.8406029597899458         8.9346383541222725
   1000.0000000000000000         0.2778225864752972         3.4999999999999996         1.1459999999999839        14.0160517278923340         8.9346383541236509
   1000.0000000000000000         0.3129690303078690         3.4999999999999996         1.1469999999999838        14.1876897748541282         8.9346383541226384
   1000.0000000000000000         0.1777705663778797         3.4999999999999996         1.1479999999999837        14.3536957943982042         8.9346383541225194
   1000.0000000000000000         0.0936919336763271         3.4999999999999996         1.1489999999999836        14.4648048043351096         8.9346383541232388
   1000.0000000000000000         0.0531392555371988         3.4999999999999996         1.1499999999999835        14.4104013625273844         8.9346383541231162
   1000.0000000000000000         0.3126263059703553         3.4999999999999996         1.1509999999999834        14.6440105343165623         8.9346383541233063
   1000.0000000000000000        -0.1440275349692348         3.4999999999999996         1.1519999999999833        15.3017452981525235         8.9346383541229883
   1000.0000000000000000         0.3364572181678972         3.4999999999999996         1.1529999999999831        15.7609412167307212         8.9346383541222565
   1000.0000000000000000         0.1043264774326129         3.4999999999999996         1.1539999999999830        15.6383035722272918         8.9346383541235674
   1000.0000000000000000         0.2260147877281761         3.5099999999999993         1.0549999999999939        32.4558544827415218         8.9622594292624918
   1000.0000000000000000         0.3260938370940736         3.5099999999999993         1.0559999999999938        23.2580068158427125         8.9622594292625433
   1000.0000000000000000        -0.1553251020627698         3.5099999999999993         1.0569999999999937        15.3648480717168976         8.9622594292628364
   1000.0000000000000000        -0.0593937426064013         3.5099999999999993         1.0579999999999936         8.5744127729460669         8.9622594292629802
   1000.0000000000000000        -0.1360997373951317         3.5099999999999993         1.0589999999999935        14.4425585024351051         8.9622594292625788
   1000.0000000000000000        -0.0256716949101001         3.5099999999999993         1.0599999999999934        14.1792582533749876         8.9622594292631277
   1000.0000000000000000         0.0024147232908892         3.5099999999999993         1.0609999999999933        14.5540788761606592         8.9622594292632218
   1000.0000000000000000         0.2647897003629135         3.5099999999999993         1.0619999999999932        14.4640788884392339         8.9622594292626818
   1000.0000000000000000        -0.1172788816984025         3.5099999999999993         1.0629999999999931        14.5920896182592372         8.9622594292627120
   1000.0000000000000000        -0.0905611860580347         3.5099999999999993         1.0639999999999930        18.2774636031224169         8.9622594292620228
   1000.0000000000000000        -0.0671513821659432         3.5099999999999993         1.0649999999999928        14.7342541282281303         8.9622594292629749
   1000.0000000000000000        -0.0374072599744289         3.5099999999999993         1.0659999999999927        14.3599007455239178         8.9622594292624189
   1000.0000000000000000         0.4093240829515973         3.5099999999999993         1.0669999999999926        14.2944194832342433         8.9622594292633515
   1000.0000000000000000        -0.1234594920264138         3.5099999999999993         1.0679999999999925        14.2396846522943328         8.9622594292623603
   1000.0000000000000000         0.3248328753689566         3.5099999999999993         1.0689999999999924        14.1814210285420028         8.9622594292613886
   1000.0000000000000000        -0.1174407649566901         3.5099999999999993         1.0699999999999923        14.1099853755824434         8.9622594292628115
   1000.0000000000000000         0.4480438480028733         3.5099999999999993         1.0709999999999922        13.9630448995520844         8.9622594292630016
   1000.0000000000000000        -0.0891070593602805         3.5099999999999993         1.0719999999999921        13.8103761786994692         8.9622594292627689
   1000.0000000000000000         0.0212202059274512         3.5099999999999993         1.0729999999999920        13.9616665252413643         8.9622594292619588
   1000.0000000000000000         0.0876859877419788         3.5099999999999993         1.0739999999999919        13.9176981736480414         8.9622594292625646
   1000.0000000000000000        -0.0779440147814784         3.5099999999999993         1.0749999999999917        13.8650131919997115         8.9622594292624633
   1000.0000000000000000         0.1620644646663453         3.5099999999999993         1.0759999999999916        13.8023413698638233         8.9622594292616604
   1000.0000000000000000        -0.0804227159342413         3.5099999999999993         1.0769999999999915        13.7379206789971029         8.9622594292623887
   1000.0000000000000000         0.2025123543957847         3.5099999999999993         1.0779999999999914        13.6722279619936984         8.9622594292616320
   1000.0000000000000000         0.0361317938355407         3.5099999999999993         1.0789999999999913        13.6045375299168096         8.9622594292625273
   1000.0000000000000000        -0.1303600006667154         3.5099999999999993         1.0799999999999912        13.5320975788291751         8.9622594292624775
   1000.0000000000000000         0.3813917042946043         3.5099999999999993         1.0809999999999911        13.4622249659654951         8.9622594292629785
   1000.0000000000000000         0.0627604003985656         3.5099999999999993         1.0819999999999910        13.3844819879772192         8.9622594292626339
   1000.0000000000000000        -0.1482307394264473         3.5099999999999993         1.0829999999999909        13.3059805260201127         8.9622594292620423
   1000.0000000000000000         0.1489080318771145         3.5099999999999993         1.0839999999999907        13.2223761723232869         8.9622594292625894
   1000.0000000000000000         0.1396521267766539         3.5099999999999993         1.0849999999999906        13.1369766691939205         8.9622594292622413
   1000.0000000000000000        -0.0720206415570052         3.5099999999999993         1.0859999999999905        13.0480420118738891         8.9622594292625664
   1000.0000000000000000        -0.0525181588664833         3.5099999999999993         1.0869999999999904        13.0131367506622482         8.9622594292623567
   1000.0000000000000000         0.3947623063945699         3.5099999999999993         1.0879999999999903        12.8511121515287527         8.9622594292620761
   1000.0000000000000000         0.0458721164557251         3.5099999999999993         1.0889999999999902        12.7315220266590519         8.9622594292625344
   1000.0000000000000000        -0.1011218483445750         3.5099999999999993         1.0899999999999901        12.6155683721537883         8.9622594292625184
   1000.0000000000000000        -0.1353564498049890         3.5099999999999993         1.0909999999999900        12.4901228391104357         8.9622594292627280
   1000.0000000000000000         0.3725231588052036         3.5099999999999993         1.0919999999999899        12.3558191648946512         8.9622594292628559
   1000.0000000000000000         0.2287757243886505         3.5099999999999993         1.0929999999999898        12.2119973713298258         8.9622594292624509
   1000.0000000000000000         0.0486463211231662         3.5099999999999993         1.0939999999999896        12.0518190557441152         8.9622594292626037
   1000.0000000000000000        -0.0792239904655408         3.5099999999999993         1.0949999999999895        11.8787120205681571         8.9622594292627316
   1000.0000000000000000        -0.1365246655563611         3.5099999999999993         1.0959999999999894        11.6842490239422592         8.9622594292626498
   1000.0000000000000000        -0.0653292496726267         3.5099999999999993         1.0969999999999893        11.4677916265440185         8.9622594292625433
   1000.0000000000000000         0.1936734103659789         3.5099999999999993         1.0979999999999892        11.2168706350022749         8.9622594292624083
   1000.0000000000000000         0.4078785690714984         3.5099999999999993         1.0989999999999891        10.9274247909394813         8.9622594292626054
   1000.0000000000000000         0.2638410377804347         3.5099999999999993         1.0999999999999890        10.5800810119623510         8.9622594292625770
   1000.0000000000000000         0.1481492754836181         3.5099999999999993         1.1009999999999889        10.1454948696285605         8.9622594292622537
   1000.0000000000000000         0.0843043940421664         3.5099999999999993         1.1019999999999888         9.5757993560608341         8.9622594292622129
   1000.0000000000000000         0.0486487343111183         3.5099999999999993         1.1029999999999887         8.7480799213772187         8.9622594292619873
   1000.0000000000000000         0.0314468120931044         3.5099999999999993         1.1039999999999885         7.2628368076438541         8.9622594292626001
   1000.0000000000000000         0.0302649111775034         3.5099999999999993         1.1049999999999884         6.2826876616897342         8.9622594292626925
   1000.0000000000000000         0.0459761057527013         3.5099999999999993         1.1059999999999883         8.4162962957447434         8.9622594292623816
   1000.0000000000000000         0.0821251624872007         3.5099999999999993         1.1069999999999882         9.4691114112730972         8.9622594292624065
   1000.0000000000000000         0.1456659386699332         3.5099999999999993         1.1079999999999881        10.1777636886175795         8.9622594292622182
   1000.0000000000000000         0.2500107814834346         3.5099999999999993         1.1089999999999880        10.7260429068786660         8.9622594292625539
   1000.0000000000000000         0.4040581810042910         3.5099999999999993         1.1099999999999879        11.1731997467363797         8.9622594292622892
   1000.0000000000000000         0.0832232600946912         3.5099999999999993         1.1109999999999878        11.5565576952023115         8.9622594292622377
   1000.0000000000000000        -0.1377114268002783         3.5099999999999993         1.1119999999999877        11.8968505322329730         8.9622594292630389
   1000.0000000000000000        -0.0980483303623158         3.5099999999999993         1.1129999999999876        12.2060074262562264         8.9622594292622360
   1000.0000000000000000         0.0446318815635952         3.5099999999999993         1.1139999999999874        12.4930093842814678         8.9622594292628541
   1000.0000000000000000         0.4061684522458655         3.5099999999999993         1.1149999999999873        12.7642702322291264         8.9622594292623869
   1000.0000000000000000        -0.1179051958575026         3.5099999999999993         1.1159999999999872        13.0262411888692320         8.9622594292625646
   1000.0000000000000000         0.0174189114241987         3.5099999999999993         1.1169999999999871        13.2769559047909844         8.9622594292620388
   1000.0000000000000000         0.4326086869787985         3.5099999999999993         1.1179999999999870        13.4969003513312096         8.9622594292621418
   1000.0000000000000000        -0.1166655113209413         3.5099999999999993         1.1189999999999869        13.7765510502808617         8.9622594292619127
   1000.0000000000000000         0.3720355619237330         3.5099999999999993         1.1199999999999868        14.0359521946837980         8.9622594292627440
   1000.0000000000000000        -0.0254180802762485         3.5099999999999993         1.1209999999999867        14.3043607648170230         8.9622594292622413
   1000.0000000000000000        -0.0707617259112163         3.5099999999999993         1.1219999999999866        14.5903903661436498         8.9622594292629483
   1000.0000000000000000         0.3685748942582370         3.5099999999999993         1.1229999999999865        14.8998505626307303         8.9622594292620690
   1000.0000000000000000         0.2968709250378156         3.5099999999999993         1.1239999999999863        15.2415114700326839         8.9622594292622502
   1000.0000000000000000         0.3580038865230109         3.5099999999999993         1.1249999999999862        15.6276205448374341         8.9622594292622964
   1000.0000000000000000        -0.1137579874639827         3.5099999999999993         1.1259999999999861        16.1155284756602519         8.9622594292622804
   1000.0000000000000000         0.2943080939529842         3.5099999999999993         1.1269999999999860        16.8279189347766618         8.9622594292627102
   1000.0000000000000000         0.1820627387286555         3.5099999999999993         1.1279999999999859        18.0063807561734670         8.9622594292624527
   1000.0000000000000000        -0.0666936155002269         3.5199999999999991         1.0579999999999936        16.3995690239175715         8.9898805044023611
   1000.0000000000000000         0.3427428704756644         3.5199999999999991         1.0589999999999935        15.5291597793083991         8.9898805044024090
   1000.0000000000000000         0.3210808702668810         3.5199999999999991         1.0599999999999934        15.1802718448024301         8.9898805044028158
   1000.0000000000000000         0.0835483679441809         3.5199999999999991         1.0609999999999933        14.9780798688470824         8.9898805044024801
   1000.0000000000000000        -0.0269856723701416         3.5199999999999991         1.0619999999999932        14.7972362538544111         8.9898805044028069
   1000.0000000000000000         0.3345122524721100         3.5199999999999991         1.0629999999999931        14.6450102579331318         8.9898805044019650
   1000.0000000000000000        -0.0926295076857431         3.5199999999999991         1.0639999999999930        14.5123110360591898         8.9898805044024730
   1000.0000000000000000         0.3264304083293730         3.5199999999999991         1.0649999999999928        14.3795094559091368         8.9898805044028958
   1000.0000000000000000         0.0467310200284912         3.5199999999999991         1.0659999999999927        14.2574527767845787         8.9898805044028638
   1000.0000000000000000        -0.1383733899946983         3.5199999999999991         1.0669999999999926        14.1231732957577290         8.9898805044015617
   1000.0000000000000000         0.3626310765009411         3.5199999999999991         1.0679999999999925        14.0002989901558248         8.9898805044025796
   1000.0000000000000000         0.0177511112546659         3.5199999999999991         1.0689999999999924        13.8741075288010514         8.9898805044023131
   1000.0000000000000000        -0.1505360564037977         3.5199999999999991         1.0699999999999923        13.7416900152136172         8.9898805044021763
   1000.0000000000000000         0.2932899271285178         3.5199999999999991         1.0709999999999922        13.6022222186294055         8.9898805044026524
   1000.0000000000000000         0.1663182791691464         3.5199999999999991         1.0719999999999921        13.4622013798754008         8.9898805044025689
   1000.0000000000000000        -0.0782488340913085         3.5199999999999991         1.0729999999999920        13.3071133993869637         8.9898805044019401
   1000.0000000000000000        -0.1482183348146185         3.5199999999999991         1.0739999999999919        13.1411128530925918         8.9898805044022829
   1000.0000000000000000         0.1592998867323747         3.5199999999999991         1.0749999999999917        12.9616837516019867         8.9898805044024925
   1000.0000000000000000         0.3504705479704225         3.5199999999999991         1.0759999999999916        12.7591214756243243         8.9898805044021213
   1000.0000000000000000         0.1570954287310175         3.5199999999999991         1.0769999999999915        12.5321009343284473         8.9898805044027412
   1000.0000000000000000         0.0172181774165649         3.5199999999999991         1.0779999999999914        12.2685643812868470         8.9898805044027128
   1000.0000000000000000        -0.0948023934693241         3.5199999999999991         1.0789999999999913        11.9541478956069387         8.9898805044026187
   1000.0000000000000000        -0.1451869756753133         3.5199999999999991         1.0799999999999912        11.5657406592175036         8.9898805044024641
   1000.0000000000000000        -0.1467691015985196         3.5199999999999991         1.0809999999999911        11.0613055697300044         8.9898805044026702
   1000.0000000000000000        -0.1145073238281379         3.5199999999999991         1.0819999999999910        10.3407289629012524         8.9898805044025192
   1000.0000000000000000        -0.0733761997915558         3.5199999999999991         1.0829999999999909         9.0937698327196195         8.9898805044023167
   1000.0000000000000000        -0.0573326521014888         3.5199999999999991         1.0839999999999907         6.4239501207092182         8.9898805044029828
   1000.0000000000000000        -0.0777560427136603         3.5199999999999991         1.0849999999999906         9.5140636369097038         8.9898805044026826
   1000.0000000000000000        -0.1194035938673055         3.5199999999999991         1.0859999999999905        10.8124350783309282         8.9898805044025281
   1000.0000000000000000        -0.1485778260180548         3.5199999999999991         1.0869999999999904        11.6666415353725661         8.9898805044023344
   1000.0000000000000000        -0.1075211643233855         3.5199999999999991         1.0879999999999903        12.3379343091153721         8.9898805044027483
   1000.0000000000000000         0.0091745431219729         3.5199999999999991         1.0889999999999902        12.9142280258999307         8.9898805044020360
   1000.0000000000000000         0.2309373998271159         3.5199999999999991         1.0899999999999901        13.4357752148667675         8.9898805044020271
   1000.0000000000000000         0.1900357867427869         3.5199999999999991         1.0909999999999900        13.9416245506012242         8.9898805044021941
   1000.0000000000000000        -0.1231396093558269         3.5199999999999991         1.0919999999999899        14.4535511563389356         8.9898805044017749
   1000.0000000000000000         0.2908758008952249         3.5199999999999991         1.0929999999999898        14.9982595673269614         8.9898805044023735
   1000.0000000000000000        -0.1055519261493180         3.5199999999999991         1.0939999999999896        15.6323269196704402         8.9898805044022030
