      1.0360327448061135         0.1820424747840642         3.4800000000000000         0.9230000000000000       154.6970094198854611         8.8793962038428234
      1.0412039296960092         0.1845571433975568         3.4800000000000000         0.9240000000000000       153.4972894100158953         8.8793962038426759
      1.0423105578932492         0.1850207274092753         3.4800000000000000         0.9250000000000000       152.9325129190922894         8.8793962038428376
      1.0467217532995552         0.1869922017323673         3.4800000000000000         0.9260000000000000       151.9129374261136718         8.8793962038429122
      1.0552045232658587         0.1908714021120353         3.4800000000000000         0.9270000000000000       150.3418516347198874         8.8793962038428536
      1.0437609931367839         0.1851045120564337         3.4800000000000000         0.9280000000000000       151.6619854403431020         8.8793962038428500
      1.0492485268650911         0.1873182928773949         3.4800000000000000         0.9290000000000000       150.5583198404522705         8.8793962038427825
      1.0531452781960875         0.1887171620576052         3.4800000000000000         0.9300000000000000       149.6753518706516957         8.8793962038427932
      1.0574048486259897         0.1902082734231963         3.4800000000000000         0.9310000000000000       148.8072914568857641         8.8793962038428482
      1.0595828964149727         0.1906598445747700         3.4800000000000000         0.9320000000000001       148.2383448529102736         8.8793962038429175
      1.0658235545570103         0.1929162686266729         3.4800000000000000         0.9330000000000001       147.1207297781873251         8.8793962038427932
      1.0700347715132010         0.1941579668503824         3.4800000000000000         0.9340000000000001       146.3053327452914516         8.8793962038427168
      1.0741406029875844         0.1952756538604963         3.4800000000000000         0.9350000000000001       145.5213716923665288         8.8793962038428074
      1.0762596766212646         0.1954066888667291         3.4800000000000000         0.9360000000000001       145.0212247144461628         8.8793962038427754
      1.0876774818005936         0.1997617027133280         3.4800000000000000         0.9370000000000001       143.2930757094015917         8.8793962038427772
      1.0853323208345032         0.1976655120410683         3.4800000000000000         0.9380000000000001       143.4096849104419960         8.8793962038428038
      1.0986463520752405         0.2027419442591461         3.4800000000000000         0.9390000000000001       141.4828062219930018         8.8793962038427985
      1.1053288211811787         0.2046800015449643         3.4800000000000000         0.9400000000000001       140.4485739059286402         8.8793962038427932
      1.0996921336982288         0.2008157467698410         3.4800000000000000         0.9410000000000001       141.0010342596729060         8.8793962038428855
      1.1048091149473658         0.2018557349927495         3.4800000000000000         0.9420000000000001       140.1824323501980984         8.8793962038428802
      1.1109470850919392         0.2032725617915214         3.4800000000000000         0.9430000000000001       139.2485641784314510         8.8793962038428251
      1.1274206050189537         0.2093919202633820         3.4800000000000000         0.9440000000000001       137.0564755885755801         8.8793962038427825
      1.1238045890398538         0.2061123013527783         3.4800000000000000         0.9450000000000001       137.3549333881851169         8.8793962038429175
      1.1268074700997985         0.2058573587957644         3.4800000000000000         0.9460000000000001       136.8484470306820810         8.8793962038428020
      1.1307887074286866         0.2059637063446311         3.4800000000000000         0.9470000000000001       136.2304265108407719         8.8793962038428305
      1.1362404657768683         0.2066312509971393         3.4800000000000000         0.9480000000000001       135.4581479526820260         8.8793962038428926
      1.1422564436235121         0.2074507316421464         3.4800000000000000         0.9490000000000001       134.6174148290833728         8.8793962038428180
      1.1486042407083121         0.2083156631137926         3.4800000000000000         0.9500000000000001       133.7505043403008358         8.8793962038428216
      1.1533524083046611         0.2083832225997893         3.4800000000000000         0.9510000000000001       133.0814007870249611         8.8793962038428216
      1.1639475613426520         0.2108902312997090         3.4800000000000000         0.9520000000000001       131.7522278909694080         8.8793962038428020
      1.1676983453396983         0.2102987918962040         3.4800000000000000         0.9530000000000001       131.2189172445000622         8.8793962038428358
      1.1774862605546952         0.2122242264517366         3.4800000000000000         0.9540000000000001       130.0190832664335403         8.8793962038428251
      1.1786859561041647         0.2103154410472829         3.4800000000000000         0.9550000000000001       129.7846891690906546         8.8793962038428003
      1.1849255490741286         0.2104668799088767         3.4800000000000000         0.9560000000000001       128.9995612575167740         8.8793962038428536
      1.1895980191090101         0.2098441610486616         3.4800000000000000         0.9570000000000001       128.3951160403365748         8.8793962038428074
      1.2002674263217297         0.2115861278641686         3.4800000000000000         0.9580000000000001       127.1551868877608200         8.8793962038428109
      1.2022603484570049         0.2096008675005136         3.4800000000000000         0.9590000000000001       126.8542620641674290         8.8793962038428180
      1.2152653861341380         0.2120012565844791         3.4800000000000000         0.9600000000000001       125.4015731144103967         8.8793962038428003
      1.2177950187265183         0.2099593461406495         3.4800000000000000         0.9610000000000001       125.0558551558460039         8.8793962038428251
      1.2281571298056355         0.2109514173944301         3.4800000000000000         0.9620000000000001       123.9126783758614891         8.8793962038427896
      1.2335151859417650         0.2097665506047914         3.4800000000000000         0.9630000000000001       123.2920689100848648         8.8793962038428340
      1.2401467792903660         0.2089372088785255         3.4800000000000000         0.9640000000000001       122.5518394370069899         8.8793962038427896
      1.2488584549700905         0.2087477485367712         3.4800000000000000         0.9650000000000001       121.6275674022431588         8.8793962038428180
      1.2543733165484876         0.2071466576632666         3.4800000000000000         0.9660000000000001       121.0170273524500715         8.8793962038428287
      1.2635090154729667         0.2067404549878191         3.4800000000000000         0.9670000000000001       120.0667169335174975         8.8793962038428074
      1.2717249181370025         0.2057845359286779         3.4800000000000000         0.9680000000000001       119.2164339668457700         8.8793962038428216
      1.2809090788748030         0.2049762208839523         3.4800000000000000         0.9690000000000001       118.2888733402932075         8.8793962038428020
      1.2948071734309459         0.2056879591575834         3.4800000000000000         0.9700000000000001       116.9442025620432304         8.8793962038428305
      1.3116543069117195         0.2073151017200654         3.4800000000000000         0.9710000000000001       115.3660519568721696         8.8793962038428180
      1.3195377710372533         0.2052297627014897         3.4800000000000000         0.9720000000000001       114.6105101081143829         8.8793962038427861
      1.3268718800569619         0.2026935114657696         3.4800000000000000         0.9730000000000001       113.9126347149047973         8.8793962038427861
      1.3357438533953550         0.2004698397218236         3.4800000000000000         0.9740000000000001       113.0916141742234373         8.8793962038428145
      1.3512098815844111         0.2003477951635851         3.4800000000000000         0.9750000000000001       111.7282873065506550         8.8793962038428127
      1.3522475037278836         0.1947440299595710         3.4800000000000000         0.9760000000000001       111.5883711180215272         8.8793962038428091
      1.3616475443829967         0.1918335942740912         3.4800000000000000         0.9770000000000001       110.7570567432779711         8.8793962038428145
      1.3733875548839638         0.1893537710957800         3.4800000000000000         0.9780000000000001       109.7483577756043047         8.8793962038428180
      1.3866393585734069         0.1869790637752776         3.4800000000000000         0.9790000000000001       108.6374374010243713         8.8793962038428145
      1.4015083681117391         0.1847024868524161         3.4800000000000000         0.9800000000000001       107.4237264461260537         8.8793962038428162
      1.4129424728881190         0.1808907621352351         3.4800000000000000         0.9810000000000001       106.4967881677602719         8.8793962038428074
      1.4280322828400338         0.1777463132634970         3.4800000000000000         0.9820000000000001       105.3180794140495493         8.8793962038428145
      1.4438382627487589         0.1742932971970629         3.4800000000000000         0.9830000000000001       104.1056273349510946         8.8793962038428056
      1.4587075263725382         0.1699911109685227         3.4800000000000000         0.9840000000000001       102.9871529303143234         8.8793962038428056
      1.4762717529038218         0.1658656443903541         3.4800000000000000         0.9850000000000001       101.7030604186795415         8.8793962038428091
      1.4982129708410215         0.1623211638175117         3.4800000000000000         0.9860000000000001       100.1514935366270578         8.8793962038428358
      1.5156188769451926         0.1566769595699139         3.4800000000000000         0.9870000000000001        98.9456652510046553         8.8793962038428216
      1.5434491510015302         0.1531842081123187         3.4800000000000000         0.9880000000000001        97.0956481956223882         8.8793962038428091
      1.5584661960571475         0.1450126524631405         3.4800000000000000         0.9890000000000001        96.1097015392980154         8.8793962038428145
      1.5875078234728308         0.1396865467577297         3.4800000000000000         0.9900000000000001        94.2869550650401891         8.8793962038428305
      1.6271648487295920         0.1361662686166433         3.4800000000000000         0.9910000000000001        91.9139248967699842         8.8793962038428127
      1.6414729273535620         0.1237363200294175         3.4800000000000000         0.9920000000000001        91.0684618809777646         8.8793962038428109
      1.6850155824800745         0.1176429262849583         3.4800000000000000         0.9930000000000001        88.6385702203760246         8.8793962038428020
      1.7147270595198907         0.1054103496232458         3.4800000000000000         0.9940000000000001        87.0444832752234845         8.8793962038428145
      1.7645783859002604         0.0955706382663779         3.4800000000000000         0.9950000000000001        84.5069052694438199         8.8793962038428127
      1.8303212802964755         0.0858901092957600         3.4800000000000000         0.9960000000000001        81.3743742585689205         8.8793962038428091
      1.8864435476467678         0.0671967882423128         3.4800000000000000         0.9970000000000001        78.8721641508395095         8.8793962038428162
      1.9927081065994769         0.0508707842611511         3.4800000000000000         0.9980000000000001        74.5283707914748703         8.8793962038428340
      2.1597207427315688         0.0254144673325193         3.4800000000000000         0.9990000000000001        68.5626431873367039         8.8793962038428216
      2.7759509288335331         0.0338944827975246         3.4800000000000000         1.0000000000000000        52.7585510926192640         8.8793962038428056
      2.7253910079909178         0.1506620916962824         3.4800000000000000         1.0119999999999987        52.9724632683282053         8.8793962038425480
      2.7365038964845070         0.1619068708081375         3.4800000000000000         1.0129999999999986        52.7215595469534719         8.8793962038427470
      2.7274928600854609         0.1628424004554015         3.4800000000000000         1.0139999999999985        52.8844606481461028         8.8793962038428838
      2.7326634271195380         0.1678945323136264         3.4800000000000000         1.0149999999999983        52.7578119010251854         8.8793962038428873
      2.7397265585785355         0.1722750611669798         3.4800000000000000         1.0159999999999982        52.5938992779733709         8.8793962038428820
      2.7565568779692717         0.1794524840395238         3.4800000000000000         1.0169999999999981        52.2341176259016962         8.8793962038427789
      2.7704350034270275         0.1842882481702771         3.4800000000000000         1.0179999999999980        51.9379638562833108         8.8793962038428091
      2.7796860603725038         0.1860761256558641         3.4800000000000000         1.0189999999999979        51.7364360338109535         8.8793962038428340
      2.7938127496015217         0.1889383700739519         3.4800000000000000         1.0199999999999978        51.4407608907241993         8.8793962038427736
      2.8169714858495776         0.1946245350539662         3.4800000000000000         1.0209999999999977        50.9737157646942833         8.8793962038428589
      2.8410916170835883         0.1997573609540153         3.4800000000000000         1.0219999999999976        50.4959463911377782         8.8793962038428269
      2.8601866353461145         0.2015962225799453         3.4800000000000000         1.0229999999999975        50.1197842079857949         8.8793962038428056
      2.8704915273514651         0.1986523327609282         3.4800000000000000         1.0239999999999974        49.9143483945420172         8.8793962038428127
      2.8996910142502048         0.2022809913741286         3.4800000000000000         1.0249999999999972        49.3615720588879370         8.8793962038428660
      2.9238887393881288         0.2024358079888520         3.4800000000000000         1.0259999999999971        48.9083286982276917         8.8793962038428695
      2.9504176985901847         0.2018913367783258         3.4800000000000000         1.0269999999999970        48.4208418440340722         8.8793962038428376
      2.9757666447916034         0.1990408549715258         3.4800000000000000         1.0279999999999969        47.9595039835649146         8.8793962038428127
      3.0081526742188309         0.1966015823289116         3.4800000000000000         1.0289999999999968        47.3852935773605495         8.8793962038428553
      3.0456096620461883         0.1932403279527207         3.4800000000000000         1.0299999999999967        46.7391160799581442         8.8793962038428091
      3.0884920842208001         0.1883636977171469         3.4800000000000000         1.0309999999999966        46.0228989670721305         8.8793962038428180
      3.1301879748935399         0.1788876764737806         3.4800000000000000         1.0319999999999965        45.3468949583928165         8.8793962038428216
      3.1868940166053439         0.1687429844464563         3.4800000000000000         1.0329999999999964        44.4650297340904146         8.8793962038427932
      3.2497955809499697         0.1530565511483405         3.4800000000000000         1.0339999999999963        43.5281764296992080         8.8793962038428411
      3.3370714695055259         0.1335419467915671         3.4800000000000000         1.0349999999999961        42.2956013610628361         8.8793962038428305
      3.4586071481219611         0.1052380596260631         3.4800000000000000         1.0359999999999960        40.6916101772526702         8.8793962038428500
      3.6729001724863926         0.0586794560068195         3.4800000000000000         1.0369999999999959        38.1300356909160669         8.8793962038427985
      4.4866888619084735         0.1675805876138349         3.4800000000000000         1.0419999999999954        29.9117401193601218         8.8793962038428056
      4.5318383197253906         0.1838548445398678         3.4800000000000000         1.0429999999999953        29.5368497129894614         8.8793962038428820
      4.5987616994798319         0.1948612097678745         3.4800000000000000         1.0439999999999952        29.0172580926615851         8.8793962038427416
      4.6905224929124136         0.2002430640607072         3.4800000000000000         1.0449999999999950        28.3415396966335855         8.8793962038428234
      4.8154867950453495         0.1929217453466285         3.4800000000000000         1.0459999999999949        27.4618603863540294         8.8793962038427665
      5.0133167542965316         0.1554314970592954         3.4800000000000000         1.0469999999999948        26.1935840699121236         8.8793962038428482
      6.6411663709777944         0.1245129321374920         3.4800000000000000         1.0479999999999947        18.9228480755255326         8.8793962038428127
      6.2693563860516557         0.1662103129979864         3.4800000000000000         1.0489999999999946        19.6734207602760769         8.8793962038427328
      6.5727729725122286         0.1960181052909769         3.4800000000000000         1.0499999999999945        18.4684564245531107         8.8793962038428251
      8.3341746973060769         0.1995899443532743         3.4800000000000000         1.0509999999999944        13.1992608465192376         8.8793962038428127
     20.8727222762991467         0.1984207481582383         3.4800000000000000         1.0519999999999943         1.4836079134671003         8.8793962038428660
     13.1842465820664660         0.1936114329435229         3.4800000000000000         1.0529999999999942         6.2723605794432711         8.8793962038429157
     15.3355771846015525         0.1580952869849739         3.4800000000000000         1.0539999999999941         4.5472265585882852         8.8793962038429388
     23.8836836122588352         0.1676265168787426         3.4800000000000000         1.0549999999999939         0.6291396823838019         8.8793962038428926
     11.7304545493418839         0.1239170559671711         3.4800000000000000         1.0569999999999937         7.8854779037422515         8.8793962038427861
     11.4095322566723070         0.1986462402515895         3.4800000000000000         1.0579999999999936         8.2615681269125627         8.8793962038428624
     11.4616300457728730         0.1924815487242475         3.4800000000000000         1.0589999999999935         8.2309576069135169         8.8793962038429086
     11.6272211328057935         0.1907157984933055         3.4800000000000000         1.0599999999999934         8.0618997392186760         8.8793962038427576
     11.8535049336635083         0.1985532373520100         3.4800000000000000         1.0609999999999933         7.8178001308054226         8.8793962038428642
     12.1913064030987073         0.1682730158525869         3.4800000000000000         1.0619999999999932         7.4522960213752469         8.8793962038427576
     13.5921077511861164         0.1778498666796222         3.4800000000000000         1.0629999999999931         5.9641267185546081         8.8793962038425711
     26.3200890290507807         0.1584283760581024         3.4800000000000000         1.0639999999999930        -0.0169622880655829         8.8793962038427505
     29.1029525375026381         0.1884813696687363         3.4800000000000000         1.0659999999999927        -0.5700048053232782         8.8793962038426955
     20.7835541843307503         0.1577184211786753         3.4800000000000000         1.0679999999999925         1.7526885285042402         8.8793962038425960
     20.1193787988278032         0.1960773011430224         3.4800000000000000         1.0689999999999924         1.9724586282771326         8.8793962038426866
     29.1649735644845940         0.1983005580285818         3.4800000000000000         1.0699999999999923        -0.6034759665107492         8.8793962038428411
     20.2619562687202546         0.1435886173138072         3.4800000000000000         1.0709999999999922         1.8793490788384688         8.8793962038427559
     13.2137608818493799         0.2002397191054154         3.4800000000000000         1.0719999999999921         6.1415720030056908         8.8793962038428376
     11.6719717227769326         0.1544448241313260         3.4800000000000000         1.0729999999999920         7.8754377127881012         8.8793962038427328
     11.2542869029075909         0.1971703445812797         3.4800000000000000         1.0739999999999919         8.3712734993520765         8.8793962038426759
     11.1031033245325688         0.1623858047340577         3.4800000000000000         1.0749999999999917         8.5836629755635414         8.8793962038428358
     10.6141496595888203         0.0146014469914219         3.4800000000000000         1.0769999999999915         9.5038984432392777         8.8793962038428109
     10.0656547872110451         0.1113615258126418         3.4800000000000000         1.0779999999999914        10.2362085435224284         8.8793962038428642
      9.9307914480115613         0.1478353924981556         3.4800000000000000         1.0789999999999913        10.4292153480038863         8.8793962038427612
      9.8619574733749875         0.1665447335041723         3.4800000000000000         1.0799999999999912        10.5320978964399057         8.8793962038427470
      9.8317215927412640         0.1789321100284076         3.4800000000000000         1.0809999999999911        10.5796003821756734         8.8793962038427825
      9.8124725370802057         0.1839147769447276         3.4800000000000000         1.0819999999999910        10.6113575489119381         8.8793962038428234
      9.8206517181582154         0.1909329481320715         3.4800000000000000         1.0829999999999909        10.6008603056693413         8.8793962038428553
      9.8211580891743200         0.1900168031601399         3.4800000000000000         1.0839999999999907        10.6017497188737391         8.8793962038428340
      9.8423694950820249         0.1925315015259163         3.4800000000000000         1.0849999999999906        10.5700757561785430         8.8793962038428074
      9.8679310929011006         0.1935472104047925         3.4800000000000000         1.0859999999999905        10.5310900047216496         8.8793962038427452
      9.8996233895011176         0.1941752074580421         3.4800000000000000         1.0869999999999904        10.4821289248518745         8.8793962038429637
      9.9298568604898954         0.1918861295823621         3.4800000000000000         1.0879999999999903        10.4348161940551272         8.8793962038428056
      9.9753977743344660         0.1927252958381209         3.4800000000000000         1.0889999999999902        10.3640157901504502         8.8793962038428482
     10.0201052031969589         0.1906094413997239         3.4800000000000000         1.0899999999999901        10.2942497808541322         8.8793962038427807
     10.0807428382375637         0.1909620864588456         3.4800000000000000         1.0909999999999900        10.2011076335770561         8.8793962038428003
     10.1373140097228873         0.1855082043186431         3.4800000000000000         1.0919999999999899        10.1145086279518903         8.8793962038427665
     10.1968408856080472         0.1753663105691509         3.4800000000000000         1.0929999999999898        10.0246592498190701         8.8793962038428873
     10.2780513180488526         0.1638207754325905         3.4800000000000000         1.0939999999999896         9.9060575494989163         8.8793962038428962
     10.3847447666220525         0.1463240783794116         3.4800000000000000         1.0949999999999895         9.7561857031865493         8.8793962038427647
     10.5389410973482303         0.1171583473263225         3.4800000000000000         1.0959999999999894         9.5500637453592550         8.8793962038428305
